0.000000000000000000e+00 4.026000000000000000e+03 2.460700000000000000e+04 7.261000000000000000e+03 7.261000000000000000e+03 1.015300000000000000e+04 1.139300000000000000e+04 3.724000000000000000e+03 6.787000000000000000e+03 2.043800000000000000e+04 2.039800000000000000e+04 1.532100000000000000e+04 2.910000000000000000e+03 1.418800000000000000e+04 1.586600000000000000e+04 2.137300000000000000e+04 1.270400000000000000e+04
4.662000000000000000e+03 0.000000000000000000e+00 3.078400000000000000e+04 1.343800000000000000e+04 1.343800000000000000e+04 8.897000000000000000e+03 1.013700000000000000e+04 9.380000000000000000e+02 1.296400000000000000e+04 2.661500000000000000e+04 2.657500000000000000e+04 2.149800000000000000e+04 1.056800000000000000e+04 1.333700000000000000e+04 2.204300000000000000e+04 2.755000000000000000e+04 1.888200000000000000e+04
2.344100000000000000e+04 3.065000000000000000e+04 0.000000000000000000e+00 1.776300000000000000e+04 1.776300000000000000e+04 3.312900000000000000e+04 3.436900000000000000e+04 2.705700000000000000e+04 2.127200000000000000e+04 1.351300000000000000e+04 1.347200000000000000e+04 1.051600000000000000e+04 2.393400000000000000e+04 1.950900000000000000e+04 1.203800000000000000e+04 3.610000000000000000e+03 1.529100000000000000e+04
6.970000000000000000e+03 1.417900000000000000e+04 1.852300000000000000e+04 0.000000000000000000e+00 0.000000000000000000e+00 1.665800000000000000e+04 1.789800000000000000e+04 1.058600000000000000e+04 7.867000000000000000e+03 1.435400000000000000e+04 1.431400000000000000e+04 9.237000000000000000e+03 7.463000000000000000e+03 6.466000000000000000e+03 9.782000000000000000e+03 1.529000000000000000e+04 6.294000000000000000e+03
6.970000000000000000e+03 1.417900000000000000e+04 1.852300000000000000e+04 0.000000000000000000e+00 0.000000000000000000e+00 1.665800000000000000e+04 1.789800000000000000e+04 1.058600000000000000e+04 7.867000000000000000e+03 1.435400000000000000e+04 1.431400000000000000e+04 9.237000000000000000e+03 7.463000000000000000e+03 6.466000000000000000e+03 9.782000000000000000e+03 1.529000000000000000e+04 6.294000000000000000e+03
1.049300000000000000e+04 9.350000000000000000e+03 3.393100000000000000e+04 1.658500000000000000e+04 1.658500000000000000e+04 0.000000000000000000e+00 1.154000000000000000e+03 9.673000000000000000e+03 1.611200000000000000e+04 2.976200000000000000e+04 2.972200000000000000e+04 2.464500000000000000e+04 1.371600000000000000e+04 2.351300000000000000e+04 2.519000000000000000e+04 3.069800000000000000e+04 2.202900000000000000e+04
1.167900000000000000e+04 1.053600000000000000e+04 3.511800000000000000e+04 1.777200000000000000e+04 1.777200000000000000e+04 1.971000000000000000e+03 0.000000000000000000e+00 1.085900000000000000e+04 1.729800000000000000e+04 3.094900000000000000e+04 3.090800000000000000e+04 2.583200000000000000e+04 1.490200000000000000e+04 2.469900000000000000e+04 2.637600000000000000e+04 3.188400000000000000e+04 2.321500000000000000e+04
3.724000000000000000e+03 9.380000000000000000e+02 2.895900000000000000e+04 1.161300000000000000e+04 1.161300000000000000e+04 9.337000000000000000e+03 1.057700000000000000e+04 0.000000000000000000e+00 1.113900000000000000e+04 2.479000000000000000e+04 2.475000000000000000e+04 1.967300000000000000e+04 8.743000000000000000e+03 1.854000000000000000e+04 2.021800000000000000e+04 2.572500000000000000e+04 1.705700000000000000e+04
6.060000000000000000e+03 1.326800000000000000e+04 2.758800000000000000e+04 1.024200000000000000e+04 1.024200000000000000e+04 1.574800000000000000e+04 1.698700000000000000e+04 9.675000000000000000e+03 0.000000000000000000e+00 9.900000000000000000e+03 9.709000000000000000e+03 1.830200000000000000e+04 3.255000000000000000e+03 1.716900000000000000e+04 1.884700000000000000e+04 2.435400000000000000e+04 7.182000000000000000e+03
1.984900000000000000e+04 2.705800000000000000e+04 1.436900000000000000e+04 1.417100000000000000e+04 1.417100000000000000e+04 2.953800000000000000e+04 3.077700000000000000e+04 2.346500000000000000e+04 9.732000000000000000e+03 0.000000000000000000e+00 2.520000000000000000e+02 6.965000000000000000e+03 2.034200000000000000e+04 1.591700000000000000e+04 8.487000000000000000e+03 1.113500000000000000e+04 3.752000000000000000e+03
1.980900000000000000e+04 2.701800000000000000e+04 1.432800000000000000e+04 1.413100000000000000e+04 1.413100000000000000e+04 2.949700000000000000e+04 3.073700000000000000e+04 2.342500000000000000e+04 9.541000000000000000e+03 2.520000000000000000e+02 0.000000000000000000e+00 6.925000000000000000e+03 2.030200000000000000e+04 1.587700000000000000e+04 8.447000000000000000e+03 1.109500000000000000e+04 3.561000000000000000e+03
1.485700000000000000e+04 2.206600000000000000e+04 1.104700000000000000e+04 9.179000000000000000e+03 9.179000000000000000e+03 2.454500000000000000e+04 2.578500000000000000e+04 1.847300000000000000e+04 1.774600000000000000e+04 7.002000000000000000e+03 6.962000000000000000e+03 0.000000000000000000e+00 1.535000000000000000e+04 1.092400000000000000e+04 1.663000000000000000e+03 7.813000000000000000e+03 5.592000000000000000e+03
2.910000000000000000e+03 6.796000000000000000e+03 2.519300000000000000e+04 7.847000000000000000e+03 7.847000000000000000e+03 1.335200000000000000e+04 1.459200000000000000e+04 6.585000000000000000e+03 3.256000000000000000e+03 2.102400000000000000e+04 2.098300000000000000e+04 1.590700000000000000e+04 0.000000000000000000e+00 1.477400000000000000e+04 1.645100000000000000e+04 2.195900000000000000e+04 9.142000000000000000e+03
1.384400000000000000e+04 1.277500000000000000e+04 2.000800000000000000e+04 6.510000000000000000e+03 6.510000000000000000e+03 2.353200000000000000e+04 2.477200000000000000e+04 1.322800000000000000e+04 1.637400000000000000e+04 1.583900000000000000e+04 1.579900000000000000e+04 1.072200000000000000e+04 1.433600000000000000e+04 0.000000000000000000e+00 1.124800000000000000e+04 1.677500000000000000e+04 8.520000000000000000e+03
1.463800000000000000e+04 2.184700000000000000e+04 1.266600000000000000e+04 8.965000000000000000e+03 8.965000000000000000e+03 2.432600000000000000e+04 2.556600000000000000e+04 1.825400000000000000e+04 1.752700000000000000e+04 8.559000000000000000e+03 8.519000000000000000e+03 1.591000000000000000e+03 1.513100000000000000e+04 1.085800000000000000e+04 0.000000000000000000e+00 9.433000000000000000e+03 6.301000000000000000e+03
2.062900000000000000e+04 2.783800000000000000e+04 2.836000000000000000e+03 1.495100000000000000e+04 1.495100000000000000e+04 3.031800000000000000e+04 3.155700000000000000e+04 2.424500000000000000e+04 1.846000000000000000e+04 1.070100000000000000e+04 1.066100000000000000e+04 7.704000000000000000e+03 2.112200000000000000e+04 1.669700000000000000e+04 9.226000000000000000e+03 0.000000000000000000e+00 1.247900000000000000e+04
1.211200000000000000e+04 1.932000000000000000e+04 1.497900000000000000e+04 6.432000000000000000e+03 6.432000000000000000e+03 2.180000000000000000e+04 2.304000000000000000e+04 1.572800000000000000e+04 7.182000000000000000e+03 3.770000000000000000e+03 3.579000000000000000e+03 5.694000000000000000e+03 9.169000000000000000e+03 8.521000000000000000e+03 6.134000000000000000e+03 1.174600000000000000e+04 0.000000000000000000e+00
