0.000000000000000000e+00 6.240000000000000000e+02 1.472000000000000000e+03 5.700000000000000000e+02 5.700000000000000000e+02 6.570000000000000000e+02 8.430000000000000000e+02 4.980000000000000000e+02 9.180000000000000000e+02 1.462000000000000000e+03 1.468000000000000000e+03 1.083000000000000000e+03 4.010000000000000000e+02 1.143000000000000000e+03 1.123000000000000000e+03 1.319000000000000000e+03 1.199000000000000000e+03
6.100000000000000000e+02 0.000000000000000000e+00 1.738000000000000000e+03 8.360000000000000000e+02 8.360000000000000000e+02 6.110000000000000000e+02 7.980000000000000000e+02 1.340000000000000000e+02 1.184000000000000000e+03 1.728000000000000000e+03 1.734000000000000000e+03 1.348000000000000000e+03 7.820000000000000000e+02 1.372000000000000000e+03 1.389000000000000000e+03 1.585000000000000000e+03 1.465000000000000000e+03
1.357000000000000000e+03 1.764000000000000000e+03 0.000000000000000000e+00 1.156000000000000000e+03 1.156000000000000000e+03 1.812000000000000000e+03 1.999000000000000000e+03 1.714000000000000000e+03 1.945000000000000000e+03 9.450000000000000000e+02 9.510000000000000000e+02 7.820000000000000000e+02 1.569000000000000000e+03 1.294000000000000000e+03 9.950000000000000000e+02 3.140000000000000000e+02 1.144000000000000000e+03
6.460000000000000000e+02 1.053000000000000000e+03 1.305000000000000000e+03 0.000000000000000000e+00 0.000000000000000000e+00 1.101000000000000000e+03 1.288000000000000000e+03 1.003000000000000000e+03 1.257000000000000000e+03 1.295000000000000000e+03 1.301000000000000000e+03 9.160000000000000000e+02 8.580000000000000000e+02 8.950000000000000000e+02 9.660000000000000000e+02 1.152000000000000000e+03 1.053000000000000000e+03
6.460000000000000000e+02 1.053000000000000000e+03 1.305000000000000000e+03 0.000000000000000000e+00 0.000000000000000000e+00 1.101000000000000000e+03 1.288000000000000000e+03 1.003000000000000000e+03 1.257000000000000000e+03 1.295000000000000000e+03 1.301000000000000000e+03 9.160000000000000000e+02 8.580000000000000000e+02 8.950000000000000000e+02 9.660000000000000000e+02 1.152000000000000000e+03 1.053000000000000000e+03
7.650000000000000000e+02 7.520000000000000000e+02 1.930000000000000000e+03 1.028000000000000000e+03 1.028000000000000000e+03 0.000000000000000000e+00 2.630000000000000000e+02 7.680000000000000000e+02 1.376000000000000000e+03 1.920000000000000000e+03 1.926000000000000000e+03 1.540000000000000000e+03 9.740000000000000000e+02 1.600000000000000000e+03 1.581000000000000000e+03 1.777000000000000000e+03 1.657000000000000000e+03
9.600000000000000000e+02 9.470000000000000000e+02 2.125000000000000000e+03 1.224000000000000000e+03 1.224000000000000000e+03 4.820000000000000000e+02 0.000000000000000000e+00 9.640000000000000000e+02 1.571000000000000000e+03 2.115000000000000000e+03 2.122000000000000000e+03 1.736000000000000000e+03 1.169000000000000000e+03 1.796000000000000000e+03 1.776000000000000000e+03 1.973000000000000000e+03 1.853000000000000000e+03
4.750000000000000000e+02 1.360000000000000000e+02 1.751000000000000000e+03 8.490000000000000000e+02 8.490000000000000000e+02 6.560000000000000000e+02 8.420000000000000000e+02 0.000000000000000000e+00 1.197000000000000000e+03 1.741000000000000000e+03 1.747000000000000000e+03 1.361000000000000000e+03 7.950000000000000000e+02 1.421000000000000000e+03 1.402000000000000000e+03 1.598000000000000000e+03 1.478000000000000000e+03
9.240000000000000000e+02 1.331000000000000000e+03 2.096000000000000000e+03 1.194000000000000000e+03 1.194000000000000000e+03 1.379000000000000000e+03 1.566000000000000000e+03 1.281000000000000000e+03 0.000000000000000000e+00 1.464000000000000000e+03 1.439000000000000000e+03 1.706000000000000000e+03 5.940000000000000000e+02 1.766000000000000000e+03 1.746000000000000000e+03 1.943000000000000000e+03 1.058000000000000000e+03
1.384000000000000000e+03 1.791000000000000000e+03 1.071000000000000000e+03 1.183000000000000000e+03 1.183000000000000000e+03 1.839000000000000000e+03 2.026000000000000000e+03 1.741000000000000000e+03 1.410000000000000000e+03 0.000000000000000000e+00 5.600000000000000000e+01 8.270000000000000000e+02 1.597000000000000000e+03 1.322000000000000000e+03 1.040000000000000000e+03 9.180000000000000000e+02 6.260000000000000000e+02
1.390000000000000000e+03 1.796000000000000000e+03 1.076000000000000000e+03 1.189000000000000000e+03 1.189000000000000000e+03 1.845000000000000000e+03 2.031000000000000000e+03 1.746000000000000000e+03 1.375000000000000000e+03 6.100000000000000000e+01 0.000000000000000000e+00 8.330000000000000000e+02 1.602000000000000000e+03 1.327000000000000000e+03 1.045000000000000000e+03 9.230000000000000000e+02 5.920000000000000000e+02
9.480000000000000000e+02 1.355000000000000000e+03 7.420000000000000000e+02 7.470000000000000000e+02 7.470000000000000000e+02 1.403000000000000000e+03 1.590000000000000000e+03 1.305000000000000000e+03 1.562000000000000000e+03 7.410000000000000000e+02 7.470000000000000000e+02 0.000000000000000000e+00 1.160000000000000000e+03 8.850000000000000000e+02 4.220000000000000000e+02 5.890000000000000000e+02 8.960000000000000000e+02
4.180000000000000000e+02 9.550000000000000000e+02 1.682000000000000000e+03 7.810000000000000000e+02 7.810000000000000000e+02 9.660000000000000000e+02 1.153000000000000000e+03 8.830000000000000000e+02 6.160000000000000000e+02 1.672000000000000000e+03 1.679000000000000000e+03 1.293000000000000000e+03 0.000000000000000000e+00 1.353000000000000000e+03 1.333000000000000000e+03 1.530000000000000000e+03 1.363000000000000000e+03
1.243000000000000000e+03 1.324000000000000000e+03 1.490000000000000000e+03 8.750000000000000000e+02 8.750000000000000000e+02 1.698000000000000000e+03 1.885000000000000000e+03 1.390000000000000000e+03 1.886000000000000000e+03 1.480000000000000000e+03 1.487000000000000000e+03 1.101000000000000000e+03 1.456000000000000000e+03 0.000000000000000000e+00 1.166000000000000000e+03 1.338000000000000000e+03 1.315000000000000000e+03
1.051000000000000000e+03 1.458000000000000000e+03 1.023000000000000000e+03 8.340000000000000000e+02 8.340000000000000000e+02 1.506000000000000000e+03 1.693000000000000000e+03 1.408000000000000000e+03 1.665000000000000000e+03 1.009000000000000000e+03 1.015000000000000000e+03 3.700000000000000000e+02 1.263000000000000000e+03 1.023000000000000000e+03 0.000000000000000000e+00 8.700000000000000000e+02 1.154000000000000000e+03
1.204000000000000000e+03 1.611000000000000000e+03 4.230000000000000000e+02 1.003000000000000000e+03 1.003000000000000000e+03 1.659000000000000000e+03 1.846000000000000000e+03 1.561000000000000000e+03 1.792000000000000000e+03 7.920000000000000000e+02 7.980000000000000000e+02 6.300000000000000000e+02 1.416000000000000000e+03 1.142000000000000000e+03 8.420000000000000000e+02 0.000000000000000000e+00 9.910000000000000000e+02
1.147000000000000000e+03 1.554000000000000000e+03 1.239000000000000000e+03 9.230000000000000000e+02 9.230000000000000000e+02 1.602000000000000000e+03 1.789000000000000000e+03 1.504000000000000000e+03 1.077000000000000000e+03 6.100000000000000000e+02 5.840000000000000000e+02 8.900000000000000000e+02 1.340000000000000000e+03 1.245000000000000000e+03 1.151000000000000000e+03 1.086000000000000000e+03 0.000000000000000000e+00
